-9223372036854775807 9223372036854775806
9223372036854775806 -9223372036854775807
-2 0
0 -2
9223372036854775806 -9223372036854775808
-9223372036854775808 9223372036854775806
-4 0
0 -4
9223372036854775806 -9223372036854775806
-9223372036854775806 9223372036854775806
0 -3
-3 0
9223372036854775804 9223372036854775806
9223372036854775806 9223372036854775804
0 2
2 0
15 8
15 9
16 9
16 8
9223372036854775806 9223372036854775803
9223372036854775803 9223372036854775806
3 0
0 3
9223372036854775802 9223372036854775806
9223372036854775806 9223372036854775802
0 4
4 0
